computer win!
棋盘记录如下
1表示黑棋，2表示白棋，0表示该处无棋
0 0 0 0 0 0 0 0 0 0 0 0 0 0 0 
0 0 0 0 0 0 0 0 0 0 0 0 0 0 0 
0 0 0 0 0 0 0 0 0 0 0 0 0 0 0 
0 0 0 0 0 0 0 0 0 0 0 0 0 0 0 
0 0 0 0 0 0 0 0 0 0 0 0 0 0 0 
0 0 0 0 0 0 0 0 2 0 0 0 0 0 0 
0 0 0 0 0 0 2 0 2 0 0 0 0 0 0 
0 0 0 0 0 1 1 1 2 0 0 0 0 0 0 
0 0 0 0 0 1 1 2 2 0 0 0 0 0 0 
0 0 0 0 0 1 1 0 2 0 0 0 0 0 0 
0 0 0 0 0 0 0 0 0 0 0 0 0 0 0 
0 0 0 0 0 0 0 0 0 0 0 0 0 0 0 
0 0 0 0 0 0 0 0 0 0 0 0 0 0 0 
0 0 0 0 0 0 0 0 0 0 0 0 0 0 0 
0 0 0 0 0 0 0 0 0 0 0 0 0 0 0 
player win!
棋盘记录如下
1表示黑棋，2表示白棋，0表示该处无棋
0 0 0 0 0 0 0 0 0 0 0 0 0 0 0 
0 0 0 0 0 0 2 2 0 0 0 0 0 0 0 
0 0 0 0 0 0 0 0 0 0 0 0 0 0 0 
0 0 0 0 0 0 0 0 0 0 0 0 0 0 0 
0 0 0 0 0 0 0 0 0 0 0 0 0 0 0 
0 0 0 0 0 0 2 2 0 0 0 0 0 0 0 
0 0 0 0 0 2 2 1 0 0 0 0 0 0 0 
0 0 0 0 0 1 1 1 2 0 0 0 0 0 0 
0 0 0 0 2 1 1 1 2 0 0 0 0 0 0 
0 0 0 0 2 1 1 1 1 2 0 0 0 0 0 
0 0 0 0 0 0 1 0 0 0 0 2 0 0 0 
0 0 0 0 0 0 1 0 0 0 0 0 0 0 0 
0 0 0 0 0 0 0 0 0 0 0 0 0 0 0 
0 0 0 0 0 0 0 0 0 0 0 0 0 0 0 
0 0 0 0 0 0 0 0 0 0 0 0 0 0 0 
computer win!
棋盘记录如下
1表示黑棋，2表示白棋，0表示该处无棋
0 0 0 0 0 0 0 0 0 0 0 0 0 0 0 
0 0 0 0 0 0 0 2 0 0 0 0 0 0 0 
0 0 0 0 0 0 0 0 0 0 0 0 0 0 0 
0 0 0 0 2 0 0 0 0 0 0 0 0 0 0 
0 0 0 0 2 2 2 1 0 0 0 0 0 0 0 
0 0 0 0 0 1 1 1 0 0 0 0 0 0 0 
0 0 0 0 1 2 1 2 0 0 0 0 0 0 0 
0 0 0 0 1 1 1 2 2 0 0 0 0 0 0 
0 0 0 0 1 1 1 2 1 1 0 0 0 0 0 
0 0 0 0 0 1 2 2 2 2 2 0 0 0 0 
0 0 0 0 0 0 0 0 0 0 0 0 0 0 0 
0 0 0 0 0 0 0 0 0 0 0 0 0 0 0 
0 0 0 0 0 0 0 0 0 0 0 0 0 0 0 
0 0 0 0 0 0 0 0 0 0 0 0 0 0 0 
0 0 0 0 0 0 0 0 0 0 0 0 0 0 0 
player win!
棋盘记录如下
1表示黑棋，2表示白棋，0表示该处无棋
0 0 0 0 0 0 0 0 0 0 0 0 0 0 0 
0 0 0 0 0 0 0 0 0 0 0 0 0 0 0 
0 0 0 0 0 0 0 0 0 0 0 0 0 0 0 
0 0 0 0 0 0 0 0 0 0 0 0 0 0 0 
0 0 0 0 0 0 0 0 0 0 0 0 0 0 0 
0 0 0 0 0 0 0 0 0 0 0 0 0 0 0 
0 0 0 0 0 0 2 0 2 0 0 0 0 0 0 
0 0 0 0 2 2 1 1 2 0 0 0 0 0 0 
0 2 1 0 0 1 1 2 2 2 2 1 0 0 0 
0 0 0 0 1 1 1 2 0 0 2 0 0 0 0 
0 0 0 2 1 1 1 1 0 2 0 0 0 0 0 
0 0 0 0 0 0 1 0 1 0 0 0 0 0 0 
0 0 0 0 0 0 0 0 0 0 0 0 0 0 0 
0 0 0 0 0 0 0 0 0 0 0 0 0 0 0 
0 0 0 0 0 0 0 0 0 0 0 0 0 0 0 
player win!
棋盘记录如下
1表示黑棋，2表示白棋，0表示该处无棋
0 0 0 0 0 0 0 0 0 0 0 0 0 0 0 
0 0 0 0 0 0 2 0 2 0 0 0 0 0 0 
0 0 0 0 0 0 0 0 0 0 0 0 0 0 0 
0 0 0 0 0 0 0 0 0 0 0 0 0 0 0 
0 0 0 0 0 0 0 0 0 0 0 0 0 0 0 
0 0 0 0 0 0 2 0 2 1 0 0 0 0 0 
0 2 0 0 0 2 2 1 1 1 2 0 0 0 0 
0 2 0 0 2 2 1 1 1 1 0 0 0 0 0 
0 0 0 0 0 1 1 2 1 2 0 0 0 0 0 
0 0 0 0 0 2 1 1 1 2 0 0 0 0 0 
0 0 0 0 0 0 1 1 1 0 2 0 0 0 0 
0 0 0 0 0 0 0 0 0 0 0 0 0 0 0 
0 0 0 0 0 0 0 0 0 0 0 0 0 0 0 
0 0 0 0 0 0 0 0 0 0 0 0 0 0 0 
0 0 0 0 0 0 0 0 0 0 0 0 0 0 0 
computer win!
棋盘记录如下
1表示黑棋，2表示白棋，0表示该处无棋
0 0 0 0 0 0 0 0 0 0 0 0 0 0 0 
0 0 0 0 0 0 0 0 0 0 0 0 0 0 0 
0 0 0 0 0 0 0 0 0 0 0 0 0 0 0 
0 0 0 0 0 0 0 0 0 0 0 0 0 0 0 
0 0 0 0 0 0 0 0 0 0 0 0 0 0 0 
0 0 0 0 0 0 0 0 0 0 0 0 0 0 0 
0 0 0 0 0 0 0 0 0 0 0 0 0 0 0 
0 0 0 0 0 1 1 1 1 0 0 0 0 0 0 
0 0 0 2 2 2 2 2 1 0 0 0 0 0 0 
0 0 0 0 0 0 0 0 0 0 0 0 0 0 0 
0 0 0 0 0 0 0 0 0 0 0 0 0 0 0 
0 0 0 0 0 0 0 0 0 0 0 0 0 0 0 
0 0 0 0 0 0 0 0 0 0 0 0 0 0 0 
0 0 0 0 0 0 0 0 0 0 0 0 0 0 0 
0 0 0 0 0 0 0 0 0 0 0 0 0 0 0 
computer win!
棋盘记录如下
1表示黑棋，2表示白棋，0表示该处无棋
0 0 0 0 0 0 0 0 0 0 0 0 0 0 0 
0 0 0 0 0 0 0 0 0 0 0 0 0 0 0 
0 0 0 0 0 0 0 0 2 0 0 0 0 0 0 
0 0 0 0 0 0 0 2 0 0 0 0 0 0 0 
0 0 0 0 0 0 2 0 0 0 0 0 0 0 0 
0 0 0 0 0 2 1 1 0 0 0 0 0 0 0 
0 0 0 0 2 1 2 1 1 1 0 0 0 0 0 
0 0 0 0 2 1 1 1 2 1 0 0 0 0 0 
0 2 0 0 1 2 2 1 1 1 0 0 0 0 0 
0 0 0 2 1 1 2 2 2 0 0 0 0 0 0 
0 0 0 2 2 0 1 0 0 0 0 0 0 0 0 
0 0 0 0 0 0 0 0 0 0 0 0 0 0 0 
0 0 0 0 0 0 0 0 0 0 0 0 0 0 0 
0 0 0 0 0 0 0 0 0 0 0 0 0 0 0 
0 0 0 0 0 0 0 0 0 0 0 0 0 0 0 
player win!
棋盘记录如下
1表示黑棋，2表示白棋，0表示该处无棋
0 0 0 0 0 0 0 0 0 0 0 0 0 0 0 
0 2 0 0 2 0 2 0 0 0 0 0 0 0 0 
0 0 0 0 0 0 0 0 0 0 0 0 0 0 0 
0 0 0 0 2 2 0 1 2 1 0 0 0 0 0 
0 0 0 0 1 1 1 2 1 2 1 1 0 0 0 
0 0 0 2 2 2 1 2 1 1 1 2 2 0 0 
0 0 0 0 1 2 1 1 1 2 1 1 0 0 0 
0 0 0 2 1 2 1 1 2 1 1 2 0 0 0 
0 2 0 2 1 2 2 1 1 1 2 2 0 0 0 
0 0 0 0 1 1 2 1 1 1 0 0 0 0 0 
0 0 0 0 1 1 2 2 1 0 0 0 0 0 0 
0 0 0 0 0 0 0 0 0 0 0 0 0 0 0 
0 0 0 0 0 0 0 0 0 0 0 0 0 0 0 
0 0 0 0 0 0 0 0 0 0 0 0 0 0 0 
0 0 0 0 0 0 0 0 0 0 0 0 0 0 0 
computer win!
棋盘记录如下
1表示黑棋，2表示白棋，0表示该处无棋
0 0 0 0 0 0 0 0 0 0 0 0 0 0 0 
0 0 0 0 0 0 0 0 0 0 0 0 0 0 0 
0 0 0 0 0 0 0 0 0 0 0 0 0 0 0 
0 0 0 0 0 0 0 0 0 0 0 0 0 0 0 
0 0 0 0 0 0 0 0 0 0 0 0 0 0 0 
0 0 0 2 0 0 0 0 0 0 0 0 0 0 0 
0 0 0 0 2 0 0 0 0 0 0 0 0 0 0 
0 0 0 0 0 2 1 1 1 0 0 0 0 0 0 
0 0 0 0 0 2 2 1 1 0 0 0 0 0 0 
0 0 0 0 0 0 2 2 1 0 0 0 0 0 0 
0 0 0 0 0 0 0 0 1 0 0 0 0 0 0 
0 0 0 0 0 0 0 0 0 0 0 0 0 0 0 
0 0 0 0 0 0 0 0 0 0 0 0 0 0 0 
0 0 0 0 0 0 0 0 0 0 0 0 0 0 0 
0 0 0 0 0 0 0 0 0 0 0 0 0 0 0 
player win!
棋盘记录如下
1表示黑棋，2表示白棋，0表示该处无棋
0 0 0 0 0 0 0 0 0 0 0 0 0 0 0 
0 0 0 0 0 0 0 0 0 0 0 0 0 0 0 
0 0 0 0 0 0 0 0 0 0 0 0 0 0 0 
0 0 0 0 0 0 0 1 0 0 0 0 0 0 0 
0 0 0 0 2 0 1 0 0 0 0 0 0 0 0 
0 0 0 2 1 1 2 0 0 0 0 0 0 0 0 
0 0 0 1 1 2 0 0 0 0 0 0 0 0 0 
0 0 2 1 1 2 0 0 0 0 0 0 0 0 0 
0 0 2 2 1 0 0 0 0 0 0 0 0 0 0 
0 0 0 0 0 0 0 0 0 0 0 0 0 0 0 
0 0 0 0 0 0 0 0 0 0 0 0 0 0 0 
0 0 0 0 0 0 0 0 0 0 0 0 0 0 0 
0 0 0 0 0 0 0 0 0 0 0 0 0 0 0 
0 0 0 0 0 0 0 0 0 0 0 0 0 0 0 
0 0 0 0 0 0 0 0 0 0 0 0 0 0 0 
computer win!
棋盘记录如下
1表示黑棋，2表示白棋，0表示该处无棋
0 0 0 0 0 0 0 0 0 0 0 0 0 0 0 
0 0 0 0 0 0 0 0 0 0 0 0 0 0 0 
0 0 0 0 0 0 0 0 0 0 0 0 0 0 0 
0 0 0 0 0 0 0 0 0 0 0 0 0 0 0 
0 0 0 0 0 0 0 0 0 0 0 0 0 0 0 
0 0 0 2 0 0 0 1 0 0 0 0 0 0 0 
0 0 0 0 2 0 2 1 1 0 0 0 0 0 0 
0 0 0 0 0 2 1 1 1 0 0 0 0 0 0 
0 0 0 0 0 2 2 1 1 0 0 0 0 0 0 
0 0 0 0 0 0 2 2 0 0 0 0 0 0 0 
0 0 0 0 0 0 0 0 0 0 0 0 0 0 0 
0 0 0 0 0 0 0 0 0 0 0 0 0 0 0 
0 0 0 0 0 0 0 0 0 0 0 0 0 0 0 
0 0 0 0 0 0 0 0 0 0 0 0 0 0 0 
0 0 0 0 0 0 0 0 0 0 0 0 0 0 0 
player win!
棋盘记录如下
1表示黑棋，2表示白棋，0表示该处无棋
0 0 0 0 0 0 0 0 0 0 0 0 0 0 0 
0 0 0 0 0 0 0 2 0 0 0 0 0 0 0 
0 0 0 0 0 0 0 0 0 0 0 0 0 0 0 
0 0 0 0 0 0 0 0 0 0 0 0 0 0 0 
0 0 0 0 0 2 0 0 0 0 0 0 0 0 0 
0 0 0 0 0 2 1 2 0 0 0 0 0 0 0 
0 0 0 0 0 2 1 1 1 1 1 0 0 0 0 
0 0 0 0 0 2 2 1 2 1 0 0 0 0 0 
0 0 0 0 0 0 2 1 1 2 0 0 0 0 0 
0 0 0 0 0 0 0 1 0 0 0 0 0 0 0 
0 0 0 0 0 0 0 0 0 0 0 0 0 0 0 
0 0 0 0 0 0 0 0 0 0 0 0 0 0 0 
0 0 0 0 0 0 0 0 0 0 0 0 0 0 0 
0 0 0 0 0 0 0 0 0 0 0 0 0 0 0 
0 0 0 0 0 0 0 0 0 0 0 0 0 0 0 
player win!
棋盘记录如下
1表示黑棋，2表示白棋，0表示该处无棋
0 0 0 0 0 0 0 0 0 0 0 0 0 0 0 
0 2 0 0 0 0 0 0 0 0 0 0 0 0 0 
0 0 0 0 0 0 0 0 0 0 0 0 0 0 0 
0 0 0 0 0 0 0 0 0 0 0 0 0 0 0 
0 0 0 0 0 0 0 0 0 0 0 0 0 0 0 
0 0 0 0 0 0 0 2 0 0 0 0 0 0 0 
0 0 0 0 0 0 2 1 1 0 0 0 0 0 0 
0 0 0 0 0 1 1 1 2 0 0 0 0 0 0 
0 0 0 0 2 2 2 1 1 1 2 0 0 0 0 
0 0 0 0 0 0 2 1 2 1 0 0 0 0 0 
0 0 0 0 0 0 0 1 0 0 0 0 0 0 0 
0 0 0 0 0 0 0 0 0 0 0 0 0 0 0 
0 0 0 0 0 0 0 0 0 0 0 0 0 0 0 
0 0 0 0 0 0 0 0 0 0 0 0 0 0 0 
0 0 0 0 0 0 0 0 0 0 0 0 0 0 0 
computer win!
棋盘记录如下
1表示黑棋，2表示白棋，0表示该处无棋
0 0 0 0 0 0 0 0 0 0 0 0 0 0 0 
0 0 0 0 0 0 0 0 0 0 0 0 0 0 0 
0 0 0 0 0 0 0 0 0 0 0 0 0 0 0 
0 0 0 0 0 0 0 0 0 0 0 0 0 0 0 
0 0 2 0 0 0 0 0 0 0 0 0 0 0 0 
0 0 0 2 0 0 0 2 0 0 0 0 0 0 0 
0 0 0 0 2 1 1 1 1 0 0 0 0 0 0 
0 0 0 0 2 2 1 1 2 0 0 0 0 0 0 
0 0 0 0 0 2 2 1 1 0 0 0 0 0 0 
0 0 0 0 0 0 0 0 0 1 0 0 0 0 0 
0 0 0 0 0 0 0 0 0 0 0 0 0 0 0 
0 0 0 0 0 0 0 0 0 0 0 0 0 0 0 
0 0 0 0 0 0 0 0 0 0 0 0 0 0 0 
0 0 0 0 0 0 0 0 0 0 0 0 0 0 0 
0 0 0 0 0 0 0 0 0 0 0 0 0 0 0 
player win!
棋盘记录如下
1表示黑棋，2表示白棋，0表示该处无棋
0 0 0 0 0 0 0 0 0 0 0 0 0 0 0 
0 0 0 0 0 0 0 2 2 0 0 0 0 0 0 
0 0 0 0 0 0 0 0 0 0 0 0 0 0 0 
0 0 0 0 0 0 0 0 0 0 0 0 0 0 0 
0 0 0 0 0 0 0 0 0 0 0 0 0 0 0 
0 0 0 0 0 0 0 0 0 0 0 0 0 0 0 
0 0 0 0 0 2 1 2 2 1 2 0 0 0 0 
0 2 0 0 0 2 1 1 1 1 2 0 0 0 0 
0 2 0 0 0 2 2 1 1 1 1 0 0 0 0 
0 2 0 0 0 1 2 1 1 1 2 0 0 0 0 
0 0 0 0 2 0 1 1 1 2 2 0 0 0 0 
0 0 0 0 0 0 1 1 0 0 0 0 0 0 0 
0 0 0 0 0 0 0 0 0 0 0 0 0 0 0 
0 0 0 0 0 0 0 0 0 0 0 0 0 0 0 
0 0 0 0 0 0 0 0 0 0 0 0 0 0 0 
player win!
棋盘记录如下
1表示黑棋，2表示白棋，0表示该处无棋
0 0 0 0 0 0 0 0 0 0 0 0 0 0 0 
0 2 0 0 0 0 0 0 0 0 0 0 0 0 0 
0 0 0 0 0 0 0 0 0 0 0 0 0 0 0 
0 0 0 0 0 0 0 0 0 0 0 0 0 0 0 
0 0 0 0 0 0 0 0 0 0 0 0 0 0 0 
0 0 0 0 0 0 0 0 0 0 0 0 0 0 0 
0 0 0 0 0 1 2 2 0 0 0 0 0 0 0 
0 2 0 0 2 2 1 1 1 1 1 0 0 0 0 
0 2 0 0 1 2 2 1 1 1 1 0 0 0 0 
0 0 0 2 0 1 2 1 2 1 1 2 0 0 0 
0 0 0 0 2 0 0 0 0 0 0 0 0 0 0 
0 0 0 0 0 0 0 0 0 0 0 0 0 0 0 
0 0 0 0 0 0 0 0 0 0 0 0 0 0 0 
0 0 0 0 0 0 0 0 0 0 0 0 0 0 0 
0 0 0 0 0 0 0 0 0 0 0 0 0 0 0 
player win!
棋盘记录如下
1表示黑棋，2表示白棋，0表示该处无棋
0 0 0 0 0 0 0 0 0 0 0 0 0 0 0 
0 0 0 0 0 0 0 0 0 0 0 0 0 0 0 
0 0 0 0 0 0 0 0 0 0 0 0 0 0 0 
0 0 0 0 0 0 0 0 0 0 0 0 0 0 0 
0 0 0 0 0 0 0 0 0 0 0 0 0 0 0 
0 0 0 0 0 0 0 0 0 0 0 0 0 0 0 
0 0 0 0 0 0 0 0 0 0 0 0 0 0 0 
0 0 0 1 1 1 1 1 0 0 0 0 0 0 0 
0 0 0 2 2 2 2 0 0 0 0 0 0 0 0 
0 0 0 0 0 0 0 0 0 0 0 0 0 0 0 
0 0 0 0 0 0 0 0 0 0 0 0 0 0 0 
0 0 0 0 0 0 0 0 0 0 0 0 0 0 0 
0 0 0 0 0 0 0 0 0 0 0 0 0 0 0 
0 0 0 0 0 0 0 0 0 0 0 0 0 0 0 
0 0 0 0 0 0 0 0 0 0 0 0 0 0 0 
computer win!
棋盘记录如下
1表示黑棋，2表示白棋，0表示该处无棋
0 0 0 0 0 0 0 0 0 0 0 0 0 0 0 
0 0 0 0 0 0 0 0 0 0 0 0 0 0 0 
0 0 0 0 0 0 0 0 0 0 0 0 0 0 0 
0 0 0 0 0 0 0 0 0 0 0 0 0 0 0 
0 0 0 2 0 0 0 0 0 0 0 0 0 0 0 
0 0 0 0 2 0 0 0 0 0 0 0 0 0 0 
0 0 0 0 0 2 1 1 1 0 0 0 0 0 0 
0 0 0 0 0 2 2 1 1 0 0 0 0 0 0 
0 0 0 0 0 0 2 2 1 0 0 0 0 0 0 
0 0 0 0 0 0 0 0 1 0 0 0 0 0 0 
0 0 0 0 0 0 0 0 0 0 0 0 0 0 0 
0 0 0 0 0 0 0 0 0 0 0 0 0 0 0 
0 0 0 0 0 0 0 0 0 0 0 0 0 0 0 
0 0 0 0 0 0 0 0 0 0 0 0 0 0 0 
0 0 0 0 0 0 0 0 0 0 0 0 0 0 0 
player win!
棋盘记录如下
1表示黑棋，2表示白棋，0表示该处无棋
0 0 0 0 0 0 0 0 0 0 0 0 0 0 0 
0 0 0 0 0 0 0 0 0 0 0 0 0 0 0 
0 0 0 0 0 0 0 0 0 0 0 0 0 0 0 
0 0 0 0 0 0 0 0 0 0 0 0 0 0 0 
0 0 0 0 0 0 0 0 0 0 0 0 0 0 0 
0 0 0 0 0 2 0 2 0 1 0 0 0 0 0 
0 0 0 0 1 1 1 1 1 2 0 0 0 0 0 
0 0 0 0 2 2 2 1 2 0 0 0 0 0 0 
0 0 0 0 0 0 2 1 1 0 0 0 0 0 0 
0 0 0 0 0 0 0 0 0 0 0 0 0 0 0 
0 0 0 0 0 0 0 0 0 0 0 0 0 0 0 
0 0 0 0 0 0 0 0 0 0 0 0 0 0 0 
0 0 0 0 0 0 0 0 0 0 0 0 0 0 0 
0 0 0 0 0 0 0 0 0 0 0 0 0 0 0 
0 0 0 0 0 0 0 0 0 0 0 0 0 0 0 
player win!
棋盘记录如下
1表示黑棋，2表示白棋，0表示该处无棋
0 0 0 0 0 0 0 0 0 0 0 0 0 0 0 
0 0 0 0 0 0 0 2 0 2 0 0 0 0 0 
0 0 0 0 0 0 0 0 0 0 0 0 0 0 0 
0 0 0 0 0 0 0 0 0 0 0 0 0 0 0 
0 0 0 0 0 0 0 0 0 0 0 0 0 0 0 
0 0 0 0 0 0 0 0 0 0 0 0 0 0 0 
0 0 0 0 0 0 2 2 2 1 1 1 0 0 0 
0 0 0 0 0 2 1 1 1 2 1 2 0 0 0 
0 2 0 0 0 2 2 1 1 1 2 0 0 0 0 
0 0 0 0 0 0 2 1 2 1 1 1 2 0 0 
0 0 0 0 0 1 1 1 1 1 2 0 0 0 0 
0 0 0 0 0 2 0 2 0 0 0 0 0 0 0 
0 0 0 0 0 0 0 0 0 0 0 0 0 0 0 
0 0 0 0 0 0 0 0 0 0 0 0 0 0 0 
0 0 0 0 0 0 0 0 0 0 0 0 0 0 0 
